1	1	1	IY	160.	240.	2280.	2850.
1	1	1	IY	186.	280.	2400.	2790.
1	1   2	IH	203.	390.	2030.	2640.
1	1	2	IH	192.	310.	1980.	2550.
1	1	3	EH	161.	490.	1870.	2420.
1	1	3	*EH	155.	570.	1700.	2600.
1	1	4	*AE	140.	560.	1820.	2660.
1	1	4	AE	180.	630.	1700.	2550.
1	1	5	AH	144.	590.	1250.	2620.
1	1	5	AH	148.	620.	1300.	2530.
1	1	6	AA	148.	740.	1070.	2490.
1	1	6	AA	170.	800.	1060.	2640.
1	1	7	*AO	161.	600.	970.	2280.
1	1	7	*AO	158.	660.	980.	2220.
1	1	8	UH	163.	440.	1120.	2210.
1	1	8	UH	190.	400.	1070.	2280.
1	1	9	UW	160.	240.	1040.	2150.
1	1	9	UW	157.	270.	930.	2280.
1	1	10	ER	177.	370.	1520.	1670.
1	1	10	ER	164.	460.	1330.	1590.
1	2	1	IY	147.	220.	2220.	2910.
1	2	1	IY	148.	210.	2360.	3250.
1	2	2	IH	141.	410.	1890.	2680.
1	2	2	IH	139.	420.	1850.	2500.
1	2	3	EH	136.	500.	1760.	2590.
1	2	3	*EH	135.	510.	1710.	2380.
1	2	4	AE	128.	690.	1610.	2560.
1	2	4	AE	131.	700.	1690.	2580.
1	2	5	*AH	140.	650.	1080.	2420.
1	2	5	*AH	125.	625.	1060.	2490.
1	2	6	AA	140.	650.	1040.	2450.
1	2	6	AA	136.	670.	1100.	2430.
1	2	7	AO	149.	580.	580.	2470.
1	2	7	AO	140.	560.	560.	2410.
1	2	8	UH	145.	450.	940.	1910.
1	2	8	UH	141.	410.	830.	2240.
1	2	9	UW	140.	280.	650.	3300.
1	2	9	UW	137.	260.	660.	3300.
1	2	10	ER	145.	510.	1210.	1570.
1	2	10	ER	145.	510.	1130.	1510.
1	3	1	IY	105.	250.	2180.	2680.
1	3	1	IY	111.	244.	2300.	2780.
1	3	2	IH	100.	400.	1930.	2610.
1	3	2	IH	104.	400.	1990.	2700.
1	3	3	EH	100.	550.	1810.	2500.
1	3	3	EH	95. 540.	1810.	2480.
1	3	4	AE	93.	630.	1710.	2400.
1	3	4	AE	94.	658.	1755.	2305.
1	3	5	*AH	100.	600.	1200.	2320.
1	3	5	AH	105.	612.	1160.	2350.
1	3	6	AA	91.	640.	1080.	2140.
1	3	6	AA	94.	720.	1090.	2230.
1	3	7	AO	92.	550.	870.	2300.
1	3	7	AO	120.	540.	840.	2280.
1	3	8	UH	114.	460.	1150.	2290.
1	3	8	UH	114.	456.	1030.	2300.
1	3	9	UW	112.	340.	950.	2240.
1	3	9	*UW	112.	326.	900.	2190.
1	3	10	ER	100.	500.	1370.	1780.
1	3	10	ER	106.	530.	1330.	1800.
1	4	1	IY	150.	300.	2240.	3400.
1	4	1	IY	156.	280.	2450.	3200.
1	4	2	*IH	156.	450.	1960.	2400.
1	4	2	IH	146.	440.	2050.	2360.
1	4	3	EH	130.	570.	1780.	2410.
1	4	3	EH	150.	555.	1890.	2440.
1	4	4	AE	125.	750.	1610.	2340.
1	4	4	AE	136.	770.	1580.	2350.
1	4	5	AH	132.	660.	1200.	2330.
1	4	5	*AH	150.	675.	1140.	2380.
1	4	6	AA	125.	750.	1100.	2550.
1	4	6	AA	138.	800.	1120.	2500.
1	4	7	AO	143.	540.	850.	2320.
1	4	7	AO	150.	555.	890.	2370.
1	4	8	UH	136.	460.	960.	2210.
1	4	8	UH	156.	460.	1000.	2350.
1	4	9	UW	140.	380.	950.	2050.
1	4	9	UW	148.	385.	850.	2330.
1	4	10	ER	150.	590.	1400.	1840.
1	4	10	ER	145.	555.	1430.	1730.
1	5	1	IY	140.	310.	2310.	2820.
1	5	1	IY	131.	260.	2250.	2850.
1	5	2	IH	137.	440.	2060.	2640.
1	5	2	IH	134.	430.	1880.	2450.
1	5	3	EH	140.	580.	1910.	2500.
1	5	3	EH	137.	550.	1770.	2400.
1	5	4	AE	143.	830.	1720.	2180.
1	5	4	AE	135.	750.	1690.	2320.
1	5	5	AH	136.	630.	1300.	1950.
1	5	5	AH	130.	650.	1170.	2000.
1	5	6	AA	131.	760.	1220.	2140.
1	5	6	*AA	126.	720.	1260.	2020.
1	5	7	AO	136.	540.	970.	1980.
1	5	7	AO	124.	550.	880.	1950.
1	5	8	UH	133.	470.	1040.	1990.
1	5	8	UH	132.	490.	990.	1920.
1	5	9	UW	141.	380.	950.	2140.
1	5	9	UW	133.	330.	800.	2130.
1	5	10	ER	143.	560.	1510.	1800.
1	5	10	ER	136.	510.	1460.	1700.
1	6	1	IY	125.	312.	2350.	2800.
1	6	1	IY	119.	330.	2430.	2870.
1	6	2	IH	133.	420.	2000.	2660.
1	6	2	IH	125.	313.	2000.	2750.
1	6	3	EH	120.	600.	1860.	2500.
1	6	3	EH	114.	570.	1830.	2570.
1	6	4	AE	119.	676.	1670.	2540.
1	6	4	AE	125.	725.	1687.	2500.
1	6	5	*AH	118.	680.	1150.	2560.
1	6	5	AH	125.	726.	1270.	2560.
1	6	6	AA	125.	740.	1100.	2680.
1	6	6	*AA	113.	670.	960.	2650.
1	6	7	*AO	120.	660.	1030.	2690.
1	6	7	*AO	125.	720.	960.	2700.
1	6	8	UH	120.	456.	1080.	2520.
1	6	8	UH	120.	450.	1140.	2600.
1	6	9	UW	125.	313.	838.	2340.
1	6	9	UW	125.	288.	938.	2450.
1	6	10	ER	120.	503.	1305.	1775.
1	6	10	ER	120.	505.	1320.	1750.
1	7	1	IY	186.	320.	2320.	3120.
1	7	1	IY	172.	310.	2280.	3020.
1	7	2	*IH	167.	470.	2000.	2660.
1	7	2	IH	170.	410.	2040.	2715.
1	7	3	*EH	167.	630.	1900.	2860.
1	7	3	EH	146.	614.	1840.	2770.
1	7	4	AE	143.	740.	1800.	2450.
1	7	4	AE	162.	775.	1810.	2200.
1	7	5	*AH	167.	620.	1240.	2410.
1	7	5	AH	160.	640.	1250.	2400.
1	7	6	*AA	162.	650.	970.	2580.
1	7	6	AA	163.	650.	980.	2350.
1	7	7	AO	145.	430.	720.	2450.
1	7	7	AO	171.	510.	800.	2500.
1	7	8	*UH	170.	460.	1120.	2150.
1	7	8	*UH	170.	493.	1120.	2300.
1	7	9	UW	175.	380.	1040.	2260.
1	7	9	*UW	200.	400.	1000.	2350.
1	7	10	ER	167.	570.	1300.	1750.
1	7	10	ER	157.	565.	1370.	1710.
1	8	1	*IY	105.	230.	2480.	3200.
1	8	1	IY	109.	218.	2380.	3100.
1	8	2	*IH	110.	320.	2200.	2680.
1	8	2	IH	103.	206.	2130.	2570.
1	8	3	*EH	107.	430.	2100.	2630.
1	8	3	*EH	105.	515.	1760.	2470.
1	8	4	*AE	107.	514.	2060.	2600.
1	8	4	*AE	106.	552.	1820.	2500.
1	8	5	AH	108.	640.	1300.	2300.
1	8	5	AH	104.	624.	1350.	2410.
1	8	6	*AA	111.	714.	1170.	2420.
1	8	6	*AA	97.	650.	1150.	2350.
1	8	7	*AO	107.	590.	965.	2500.
1	8	7	AO	109.	578.	970.	2460.
1	8	8	UH	111.	467.	1110.	2400.
1	8	8	UH	105.	475.	1220.	2310.
1	8	9	UW	107.	270.	910.	2200.
1	8	9	UW	108.	260.	975.	2320.
1	8	10	ER	107.	460.	1400.	1790.
1	8	10	ER	103.	425.	1410.	1760.
1	9	1	IY	175.	316.	2200.	2800.
1	9	1	IY	175.	280.	2275.	2775.
1	9	2	IH	167.	450.	1820.	2475.
1	9	2	IH	167.	434.	1850.	2425.
1	9	3	EH	157.	582.	1725.	2375.
1	9	3	EH	158.	586.	1800.	2425.
1	9	4	AE	150.	600.	1750.	2375.
1	9	4	*AE	145.	582.	1775.	2375.
1	9	5	*AH	145.	626.	1125.	2200.
1	9	5	AH	160.	641.	1120.	2225.
1	9	6	AA	144.	708.	1054.	2420.
1	9	6	*AA	150.	705.	1050.	2375.
1	9	7	AO	146.	614.	848.	2200.
1	9	7	AO	143.	600.	860.	2175.
1	9	8	UH	167.	500.	1000.	2325.
1	9	8	UH	167.	500.	1000.	2325.
1	9	9	UW	167.	334.	1150.	2200.
1	9	9	UW	183.	312.	1020.	2300.
1	9	10	ER	157.	518.	1305.	1570.
1	9	10	ER	157.	504.	1210.	1510.
1	10	1	IY	129.	260.	2260.	2820.
1	10	1	IY	125.	250.	2200.	2825.
1	10	2	IH	146.	400.	2040.	2500.
1	10	2	IH	144.	389.	2000.	2425.
1	10	3	EH	126.	500.	1870.	2500.
1	10	3	EH	125.	500.	1775.	2450.
1	10	4	AE	110.	660.	1650.	2500.
1	10	4	AE	120.	624.	1700.	2475.
1	10	5	AH	122.	650.	1220.	2550.
1	10	5	AH	120.	672.	1260.	2500.
1	10	6	AA	114.	750.	1080.	2680.
1	10	6	AA	114.	777.	1026.	2625.
1	10	7	AO	115.	580.	800.	2650.
1	10	7	AO	117.	585.	819.	2625.
1	10	8	*UH	140.	480.	950.	2500.
1	10	8	UH	127.	461.	993.	2350.
1	10	9	UW	140.	280.	950.	2300.
1	10	9	UW	133.	266.	920.	2300.
1	10	10	ER	128.	500.	1340.	1700.
1	10	10	ER	133.	532.	1275.	1600.
1	11	1	IY	146.	248.	2225.	3100.
1	11	1	IY	140.	238.	2175.	3075.
1	11	2	IH	150.	405.	1925.	2550.
1	11	2	IH	138.	416.	1940.	2600.
1	11	3	*EH	147.	588.	1790.	2500.
1	11	3	*EH	133.	586.	1725.	2650.
1	11	4	AE	145.	725.	1700.	2425.
1	11	4	AE	127.	710.	1650.	2220.
1	11	5	*AH	136.	586.	1078.	2300.
1	11	5	AH	136.	627.	1038.	2360.
1	11	6	*AA	145.	725.	1046.	2325.
1	11	6	*AA	131.	746.	1018.	2300.
1	11	7	AO	140.	560.	840.	2500.
1	11	7	*AO	140.	560.	924.	2350.
1	11	8	UH	150.	495.	1080.	2275.
1	11	8	UH	143.	430.	1030.	2275.
1	11	9	UW	162.	290.	760.	2300.
1	11	9	UW	157.	315.	850.	2025.
1	11	10	ER	150.	511.	1561.	1876.
1	11	10	ER	138.	530.	1450.	1887.
1	12	1	IY	110.	220.	2410.	3000.
1	12	1	IY	125.	240.	2440.	3280.
1	12	2	IH	120.	450.	1880.	2450.
1	12	2	IH	118.	380.	1930.	2420.
1	12	3	EH	115.	560.	1650.	2300.
1	12	3	EH	123.	560.	1720.	2300.
1	12	4	AE	110.	680.	1720.	2330.
1	12	4	AE	133.	630.	1680.	2280.
1	12	5	*AH	110.	560.	1430.	2250.
1	12	5	*AH	120.	560.	1390.	2240.
1	12	6	*AA	108.	800.	1330.	2260.
1	12	6	AA	110.	740.	1240.	2280.
1	12	7	*AO	120.	600.	920.	2080.
1	12	7	*AO	133.	580.	910.	2000.
1	12	8	UH	130.	400.	1200.	2210.
1	12	8	UH	110.	420.	1230.	2230.
1	12	9	UW	122.	300.	900.	2130.
1	12	9	UW	123.	260.	1010.	2240.
1	12	10	ER	125.	400.	1450.	1650.
1	12	10	ER	128.	360.	1410.	1640.
1	13	1	IY	142.	290.	2290.	2600.
1	13	1	IY	135.	260.	2290.	2700.
1	13	2	IH	132.	390.	1950.	2550.
1	13	2	*IH	135.	400.	1900.	2450.
1	13	3	*EH	124.	490.	1740.	2500.
1	13	3	*EH	125.	500.	1780.	2430.
1	13	4	AE	125.	660.	1630.	2500.
1	13	4	AE	132.	670.	1630.	2380.
1	13	5	AH	140.	600.	1220.	2530.
1	13	5	AH	125.	600.	1210.	2430.
1	13	6	*AA	125.	680.	1120.	2630.
1	13	6	AA	128.	670.	1100.	2700.
1	13	7	AO	127.	510.	720.	2450.
1	13	7	AO	120.	480.	710.	2540.
1	13	8	*UH	133.	380.	910.	2350.
1	13	8	UH	140.	440.	1030.	2400.
1	13	9	UW	127.	350.	720.	2750.
1	13	9	UW	140.	380.	740.	2880.
1	13	10	ER	128.	430.	1370.	1610.
1	13	10	ER	135.	440.	1360.	1600.
1	14	1	IY	114.	228.	2350.	2860.
1	14	1	IY	118.	220.	2350.	2920.
1	14	2	*IH	110.	407.	2070.	2500.
1	14	2	*IH	112.	420.	1900.	2450.
1	14	3	EH	106.	445.	2020.	2420.
1	14	3	EH	115.	470.	2020.	2500.
1	14	4	AE	103.	721.	1680.	2400.
1	14	4	AE	109.	750.	1710.	2440.
1	14	5	*AH	104.	552.	1122.	2500.
1	14	5	*AH	115.	580.	1150.	2600.
1	14	6	AA	98.	686.	1078.	2570.
1	14	6	*AA	103.	700.	1050.	2680.
1	14	7	AO	102.	560.	665.	2620.
1	14	7	AO	106.	550.	650.	2700.
1	14	8	UH	112.	448.	980.	2370.
1	14	8	UH	104.	410.	940.	2370.
1	14	9	UW	116.	232.	696.	2200.
1	14	9	UW	117.	222.	665.	2080.
1	14	10	ER	120.	432.	1300.	1400.
1	14	10	ER	111.	420.	1300.	1570.
1	15	1	IY	121.	230.	2100.	2850.
1	15	1	IY	118.	240.	2000.	2980.
1	15	2	IH	130.	365.	1900.	2340.
1	15	2	IH	119.	300.	2040.	2560.
1	15	3	*EH	112.	440.	1980.	2310.
1	15	3	*EH	120.	410.	2050.	2500.
1	15	4	*AE	133.	620.	1710.	2110.
1	15	4	AE	124.	660.	1800.	2150.
1	15	5	AH	120.	660.	1000.	2380.
1	15	5	AH	110.	660.	960.	2450.
1	15	6	*AA	122.	600.	830.	2250.
1	15	6	*AA	119.	620.	820.	2400.
1	15	7	AO	117.	500.	620.	2250.
1	15	7	AO	106.	550.	700.	2550.
1	15	8	UH	140.	390.	730.	2180.
1	15	8	UH	130.	360.	740.	2200.
1	15	9	UW	131.	260.	720.	2100.
1	15	9	UW	132.	260.	740.	2040.
1	15	10	ER	125.	450.	1230.	1600.
1	15	10	ER	127.	460.	1300.	1650.
1	16	1	IY	150.	300.	2355.	3250.
1	16	1	IY	150.	300.	2460.	3280.
1	16	2	IH	160.	385.	2242.	2805.
1	16	2	IH	150.	407.	2250.	2780.
1	16	3	EH	140.	504.	2090.	2720.
1	16	3	EH	146.	543.	1980.	2640.
1	16	4	AE	133.	680.	1958.	2542.
1	16	4	AE	141.	708.	1840.	2535.
1	16	5	AH	150.	675.	1320.	2550.
1	16	5	AH	150.	704.	1393.	2550.
1	16	6	AA	137.	825.	1168.	2750.
1	16	6	AA	135.	840.	1210.	2680.
1	16	7	*AO	143.	671.	1000.	2670.
1	16	7	*AO	147.	690.	968.	2660.
1	16	8	UH	143.	443.	1273.	2430.
1	16	8	UH	153.	459.	1286.	2410.
1	16	9	UW	146.	395.	1300.	2160.
1	16	9	UW	153.	400.	1320.	2150.
1	16	10	ER	140.	532.	1500.	1890.
1	16	10	ER	146.	538.	1460.	1818.
1	17	1	IY	120.	264.	2290.	2700.
1	17	1	IY	128.	256.	2305.	2635.
1	17	2	IH	112.	380.	1880.	2440.
1	17	2	IH	115.	346.	1930.	2390.
1	17	3	EH	100.	510.	1780.	2300.
1	17	3	EH	108.	520.	1730.	2275.
1	17	4	AE	100.	630.	1770.	2350.
1	17	4	AE	105.	630.	1642.	2170.
1	17	5	AH	103.	601.	1273.	2130.
1	17	5	*AH	105.	590.	1283.	2150.
1	17	6	*AA	100.	750.	1150.	2440.
1	17	6	AA	95.	703.	1092.	2320.
1	17	7	AO	97.	565.	780.	2350.
1	17	7	AO	106.	584.	849.	2460.
1	17	8	UH	105.	420.	1100.	2140.
1	17	8	UH	111.	422.	1200.	2175.
1	17	9	UW	117.	315.	1080.	2260.
1	17	9	UW	125.	326.	1125.	2210.
1	17	10	ER	111.	444.	1300.	1625.
1	17	10	ER	109.	469.	1288.	1600.
1	18	1	IY	124.	210.	2100.	3090.
1	18	1	IY	130.	220.	2080.	3180.
1	18	2	IH	128.	280.	2000.	2710.
1	18	2	IH	130.	310.	1950.	2670.
1	18	3	EH	121.	470.	1910.	2580.
1	18	3	*EH	129.	490.	1930.	2650.
1	18	4	AE	116.	640.	1620.	2200.
1	18	4	AE	118.	650.	1580.	2360.
1	18	5	AH	121.	610.	1100.	2230.
1	18	5	AH	126.	620.	1120.	2330.
1	18	6	*AA	118.	700.	1100.	2240.
1	18	6	*AA	120.	670.	1100.	2220.
1	18	7	AO	122.	460.	720.	2180.
1	18	7	AO	118.	470.	690.	2200.
1	18	8	UH	129.	320.	770.	1860.
1	18	8	*UH	130.	310.	790.	1920.
1	18	9	UW	140.	210.	670.	1900.
1	18	9	UW	148.	240.	730.	1850.
1	18	10	ER	128.	390.	1320.	1550.
1	18	10	ER	124.	420.	1240.	1510.
1	19	1	IY	129.	190.	2650.	3280.
1	19	1	IY	135.	190.	2700.	3170.
1	19	2	IH	132.	370.	1750.	2700.
1	19	2	IH	130.	370.	1800.	2750.
1	19	3	*EH	122.	370.	1680.	2560.
1	19	3	*EH	125.	375.	1700.	2500.
1	19	4	*AE	121.	550.	1570.	2600.
1	19	4	*AE	120.	530.	1610.	2650.
1	19	5	*AH	118.	570.	1050.	2500.
1	19	5	*AH	125.	590.	1100.	2480.
1	19	6	*AA	112.	640.	970.	2870.
1	19	6	*AA	122.	670.	980.	2900.
1	19	7	*AO	113.	560.	860.	2900.
1	19	7	AO	121.	570.	820.	2820.
1	19	8	*UH	125.	350.	1000.	2500.
1	19	8	*UH	130.	380.	920.	2370.
1	19	9	UW	130.	250.	1000.	2100.
1	19	9	UW	140.	210.	960.	1940.
1	19	10	ER	130.	360.	1300.	1920.
1	19	10	ER	133.	370.	1300.	1760.
1	20	1	IY	127.	250.	2180.	2660.
1	20	1	IY	131.	260.	2210.	2780.
1	20	2	IH	121.	400.	1900.	2440.
1	20	2	IH	122.	350.	1980.	2480.
1	20	3	*EH	116.	560.	1670.	2310.
1	20	3	*EH	124.	530.	1700.	2380.
1	20	4	AE	120.	680.	1470.	2280.
1	20	4	AE	119.	620.	1580.	2320.
1	20	5	AH	120.	620.	1100.	2390.
1	20	5	*AH	125.	640.	1110.	2370.
1	20	6	*AA	115.	630.	980.	2330.
1	20	6	*AA	121.	670.	940.	2380.
1	20	7	AO	112.	560.	790.	2480.
1	20	7	AO	120.	610.	840.	2420.
1	20	8	UH	121.	360.	860.	2200.
1	20	8	UH	120.	400.	840.	2200.
1	20	9	UW	140.	280.	670.	2140.
1	20	9	UW	126.	250.	720.	2190.
1	20	10	ER	120.	480.	1410.	1760.
1	20	10	ER	121.	470.	1330.	1700.
1	21	1	IY	155.	280.	2400.	2910.
1	21	1	IY	150.	300.	2320.	2960.
1	21	2	*IH	142.	410.	2060.	2680.
1	21	2	IH	150.	450.	2050.	2670.
1	21	3	EH	135.	540.	1900.	2530.
1	21	3	EH	135.	540.	1920.	2520.
1	21	4	AE	138.	620.	1800.	2440.
1	21	4	AE	140.	690.	1820.	2480.
1	21	5	*AH	150.	630.	1200.	2600.
1	21	5	AH	140.	680.	1290.	2600.
1	21	6	AA	145.	740.	1110.	2500.
1	21	6	*AA	143.	700.	1060.	2720.
1	21	7	*AO	146.	600.	970.	2570.
1	21	7	AO	138.	650.	880.	2660.
1	21	8	UH	142.	430.	1130.	2440.
1	21	8	UH	143.	430.	1150.	2420.
1	21	9	UW	142.	280.	990.	2330.
1	21	9	UW	145.	290.	1000.	2300.
1	21	10	ER	150.	420.	1350.	1600.
1	21	10	ER	150.	450.	1350.	1600.
1	22	1	IY	135.	300.	2300.	2800.
1	22	1	IY	135.	350.	2240.	2760.
1	22	2	*IH	136.	410.	2200.	2680.
1	22	2	*IH	138.	440.	2080.	2520.
1	22	3	*EH	133.	580.	1870.	2320.
1	22	3	*EH	127.	520.	1900.	2400.
1	22	4	AE	130.	760.	1920.	2480.
1	22	4	AE	132.	670.	1850.	2560.
1	22	5	*AH	139.	810.	1110.	2100.
1	22	5	*AH	131.	770.	1150.	2100.
1	22	6	*AA	141.	700.	1040.	2120.
1	22	6	AA	125.	750.	1160.	2080.
1	22	7	*AO	133.	670.	920.	2240.
1	22	7	*AO	142.	570.	850.	2250.
1	22	8	UH	140.	550.	970.	2200.
1	22	8	*UH	141.	490.	870.	2240.
1	22	9	UW	150.	300.	600.	2300.
1	22	9	UW	148.	230.	570.	2100.
1	22	10	ER	140.	560.	1520.	2100.
1	22	10	ER	140.	540.	1570.	2050.
1	23	1	IY	125.	240.	2100.	2900.
1	23	1	IY	119.	240.	2150.	2860.
1	23	2	IH	130.	380.	1870.	2450.
1	23	2	IH	120.	430.	1710.	2350.
1	23	3	*EH	119.	580.	1770.	2500.
1	23	3	*EH	117.	570.	1750.	2400.
1	23	4	*AE	115.	760.	1580.	2440.
1	23	4	AE	110.	715.	1500.	2300.
1	23	5	*AH	124.	620.	880.	2500.
1	23	5	*AH	124.	650.	1000.	2520.
1	23	6	AA	119.	710.	950.	2520.
1	23	6	*AA	120.	690.	960.	2520.
1	23	7	AO	125.	460.	610.	2500.
1	23	7	AO	120.	470.	710.	2500.
1	23	8	UH	125.	390.	900.	2100.
1	23	8	UH	125.	460.	920.	2140.
1	23	9	UW	125.	250.	690.	2080.
1	23	9	UW	130.	270.	650.	2050.
1	23	10	ER	122.	540.	1280.	1720.
1	23	10	ER	118.	510.	1280.	1650.
1	24	1	IY	148.	280.	2450.	2700.
1	24	1	IY	160.	288.	2500.	2880.
1	24	2	IH	160.	400.	2080.	2530.
1	24	2	IH	153.	384.	2110.	2500.
1	24	3	*EH	138.	590.	1900.	2200.
1	24	3	*EH	153.	583.	1840.	2250.
1	24	4	AE	145.	680.	1850.	2400.
1	24	4	AE	140.	685.	1780.	2160.
1	24	5	AH	143.	660.	1370.	2110.
1	24	5	*AH	145.	680.	1300.	2100.
1	24	6	*AA	140.	760.	1260.	2120.
1	24	6	AA	135.	770.	1140.	2020.
1	24	7	AO	145.	500.	800.	1850.
1	24	7	AO	132.	600.	1000.	2000.
1	24	8	UH	157.	380.	1060.	1950.
1	24	8	UH	150.	470.	1220.	2150.
1	24	9	UW	162.	324.	800.	2220.
1	24	9	UW	139.	290.	800.	2150.
1	24	10	ER	150.	560.	1350.	1780.
1	24	10	ER	150.	600.	1470.	1820.
1	25	1	IY	110.	250.	2190.	3000.
1	25	1	IY	106.	254.	2085.	2890.
1	25	2	IH	111.	330.	1967.	2670.
1	25	2	IH	108.	430.	1940.	2590.
1	25	3	EH	116.	464.	2100.	2700.
1	25	3	EH	105.    504.	1995.	2780.
1	25	4	AE	94. 595.	1900.	2700.
1	25	4	AE	100.	670.	1860.	2500.
1	25	5	AH	96.	620.	1200.	2420.
1	25	5	AH	105.	630.	1127.	2420.
1	25	6	AA	100.	750.	1160.	2360.
1	25	6	AA	96.	740.	1155.	2330.
1	25	7	AO	101.	460.	740.	2300.
1	25	7	*AO	105.	494.	789.	2420.
1	25	8	UH	113.	400.	1020.	2200.
1	25	8	UH	128.	450.	1028.	2160.
1	25	9	UW	140.	392.	1000.	2120.
1	25	9	UW	116.	350.	898.	2140.
1	25	10	ER	117.	547.	1340.	1688.
1	25	10	ER	128.	512.	1280.	1570.
1	26	1	IY	123.	246.	2185.	2730.
1	26	1	IY	133.	267.	2280.	2800.
1	26	2	IH	140.	420.	2300.	2800.
1	26	2	IH	120.	384.	2110.	2620.
1	26	3	EH	120.	480.	1920.	2540.
1	26	3	*EH	112.	551.	1788.	2450.
1	26	4	AE	114.	628.	1837.	2570.
1	26	4	*AE	111.	622.	1890.	2560.
1	26	5	AH	114.	628.	1254.	2470.
1	26	5	AH	114.	617.	1255.	2480.
1	26	6	*AA	117.	690.	1072.	2660.
1	26	6	*AA	103.	630.	1000.	2530.
1	26	7	AO	117.	510.	700.	2650.
1	26	7	AO	120.	504.	756.	2540.
1	26	8	UH	122.	465.	990.	2440.
1	26	8	UH	125.	462.	976.	2450.
1	26	9	UW	120.	324.	708.	2440.
1	26	9	UW	157.	387.	786.	2518.
1	26	10	ER	122.	488.	1468.	1712.
1	26	10	ER	118.	472.	1465.	1725.
1	27	1	IY	138.	275.	2060.	2800.
1	27	1	IY	136.	270.	2020.	2790.
1	27	2	IH	133.	349.	2030.	2760.
1	27	2	IH	136.	340.	1940.	2560.
1	27	3	*EH	120.	444.	1800.	2500.
1	27	3	*EH	127.	380.	1800.	2440.
1	27	4	AE	125.	688.	1600.	2300.
1	27	4	AE	122.	660.	1570.	2380.
1	27	5	*AH	128.	565.	1157.	2310.
1	27	5	AH	130.	550.	1150.	2250.
1	27	6	AA	125.	712.	1024.	2250.
1	27	6	AA	125.	670.	1080.	2300.
1	27	7	AO	125.	550.	913.	2360.
1	27	7	AO	126.	550.	890.	2280.
1	27	8	UH	128.	360.	1028.	2160.
1	27	8	*UH	140.	390.	1060.	2150.
1	27	9	UW	133.	294.	930.	2050.
1	27	9	UW	140.	280.	1000.	2160.
1	27	10	ER	125.	440.	1250.	1625.
1	27	10	ER	130.	480.	1160.	1520.
1	28	1	IY	125.	320.	2160.	2900.
1	28	1	IY	133.	267.	2230.	3000.
1	28	2	IH	115.	440.	1750.	2400.
1	28	2	IH	116.	390.	1780.	2450.
1	28	3	EH	117.	525.	1800.	2480.
1	28	3	EH	110.	520.	1750.	2390.
1	28	4	AE	111.	660.	1600.	2400.
1	28	4	AE	120.	720.	1680.	2430.
1	28	5	AH	117.	600.	1250.	2300.
1	28	5	*AH	125.	575.	1170.	2240.
1	28	6	*AA	111.	730.	1160.	2340.
1	28	6	AA	117.	860.	1280.	2470.
1	28	7	AO	114.	560.	810.	2290.
1	28	7	AO	116.	584.	840.	2280.
1	28	8	UH	130.	455.	970.	2140.
1	28	8	UH	120.	456.	1040.	2038.
1	28	9	UW	125.	350.	820.	2130.
1	28	9	UW	128.	366.	772.	2058.
1	28	10	*ER	111.	450.	1420.	1870.
1	28	10	ER	118.	472.	1430.	1840.
1	29	1	IY	133.	333.	2305.	3200.
1	29	1	IY	131.	326.	2260.	3030.
1	29	2	*IH	125.	375.	2188.	2750.
1	29	2	*IH	133.	400.	2150.	2680.
1	29	3	*EH	125.	500.	1980.	2480.
1	29	3	*EH	150.	480.	1950.	2340.
1	29	4	AE	116.	640.	1710.	2450.
1	29	4	AE	123.	615.	1720.	2220.
1	29	5	AH	116.	583.	1110.	2360.
1	29	5	*AH	117.	608.	1120.	2700.
1	29	6	AA	111.	777.	1170.	2600.
1	29	6	AA	114.	750.	1175.	2820.
1	29	7	*AO	105.	630.	891.	2519.
1	29	7	*AO	114.	572.	924.	2660.
1	29	8	UH	125.	438.	975.	2300.
1	29	8	UH	140.	420.	938.	2300.
1	29	9	UW	133.	333.	800.	2130.
1	29	9	UW	140.	320.	840.	2150.
1	29	10	ER	120.	480.	1320.	1870.
1	29	10	ER	127.	483.	1335.	1844.
1	30	1	IY	166.	267.	2300.	2940.
1	30	1	IY	156.	220.	2300.	2900.
1	30	2	IH	154.	431.	2040.	2460.
1	30	2	IH	155.	360.	2010.	2400.
1	30	3	*EH	150.	565.	1950.	2500.
1	30	3	EH	180.	540.	2000.	2450.
1	30	4	*AE	143.	600.	2000.	2570.
1	30	4	AE	138.	590.	1950.	2460.
1	30	5	*AH	157.	630.	1140.	2200.
1	30	5	*AH	186.	630.	1170.	2280.
1	30	6	*AA	146.	730.	1048.	2450.
1	30	6	AA	155.	730.	1130.	2320.
1	30	7	*AO	150.	600.	900.	2400.
1	30	7	*AO	178.	640.	890.	2280.
1	30	8	*UH	160.	448.	960.	2200.
1	30	8	UH	196.	450.	1000.	2180.
1	30	9	UW	167.	333.	835.	2170.
1	30	9	UW	198.	280.	750.	2170.
1	30	10	ER	163.	488.	1300.	1600.
1	30	10	ER	163.	490.	1380.	1620.
1	31	1	IY	120.	312.	2380.	2900.
1	31	1	IY	120.	300.	2350.	3000.
1	31	2	IH	140.	490.	2000.	2620.
1	31	2	*IH	140.	490.	1960.	2600.
1	31	3	EH	125.	640.	2000.	2620.
1	31	3	EH	111.	555.	1870.	2540.
1	31	4	AE	112.	697.	1610.	2540.
1	31	4	AE	114.	684.	1634.	2510.
1	31	5	AH	115.	633.	1260.	2530.
1	31	5	*AH	120.	660.	1213.	2460.
1	31	6	AA	112.	730.	1203.	2700.
1	31	6	AA	107.	752.	1125.	2620.
1	31	7	AO	108.	507.	755.	2420.
1	31	7	AO	116.	538.	816.	2450.
1	31	8	UH	114.	456.	1040.	2300.
1	31	8	UH	120.	480.	1120.	2160.
1	31	9	*UW	123.	344.	960.	2150.
1	31	9	UW	125.	350.	1000.	2250.
1	31	10	ER	112.	539.	1370.	1800.
1	31	10	ER	117.	549.	1353.	1728.
1	32	1	IY	146.	292.	2500.	3150.
1	32	1	IY	133.	266.	2370.	3100.
1	32	2	IH	143.	372.	2220.	2640.
1	32	2	IH	131.	350.	2130.	2610.
1	32	3	*EH	133.	574.	1840.	2260.
1	32	3	*EH	133.	563.	1960.	2450.
1	32	4	AE	125.	650.	1738.	2400.
1	32	4	AE	130.	663.	1820.	2400.
1	32	5	AH	137.	600.	1370.	2180.
1	32	5	*AH	125.	625.	1312.	2250.
1	32	6	AA	133.	735.	1070.	2100.
1	32	6	AA	117.	713.	1180.	2200.
1	32	7	AO	125.	625.	875.	2180.
1	32	7	*AO	115.	700.	1000.	2250.
1	32	8	UH	150.	420.	1100.	2000.
1	32	8	UH	140.	420.	1120.	2100.
1	32	9	UW	125.	350.	980.	2200.
1	32	9	UW	133.	320.	918.	2100.
1	32	10	ER	143.	554.	1480.	1800.
1	32	10	ER	128.	484.	1505.	1890.
1	33	1	IY	143.	286.	2415.	2860.
1	33	1	IY	150.	300.	2415.	2860.
1	33	2	*IH	140.	400.	1980.	2500.
1	33	2	*IH	145.	407.	2095.	2620.
1	33	3	*EH	125.	525.	1988.	2610.
1	33	3	EH	144.	553.	1935.	2530.
1	33	4	AE	133.	640.	1773.	2490.
1	33	4	AE	133.	640.	1840.	2560.
1	33	5	AH	143.	672.	1272.	2640.
1	33	5	AH	146.	658.	1241.	2560.
1	33	6	AA	130.	780.	1170.	2640.
1	33	6	AA	131.	788.	1115.	2645.
1	33	7	*AO	138.	633.	891.	2500.
1	33	7	*AO	150.	600.	935.	2550.
1	33	8	UH	175.	490.	1102.	2420.
1	33	8	UH	154.	492.	1077.	2306.
1	33	9	*UW	160.	320.	960.	2240.
1	33	9	UW	160.	320.	960.	2290.
1	33	10	ER	143.	543.	1310.	1643.
1	33	10	ER	145.	508.	1309.	1600.