4.124941239251278535e-02 2.959202733268982977e-01
3.630344326425427592e-01 4.278805811688934924e-02
4.498966218557820529e-02 2.839221858642574370e-01
7.466660341388775546e-02 2.373828811573428510e-01
9.750439894032347787e-03 3.771030755391970857e-01
3.243683318981371855e-01 5.026997767621277369e-02
5.910135625783663471e-02 2.599362044325665977e-01
2.868803127904495653e-02 3.537734998695976074e-01
2.948917583306384094e-01 6.540689069515515097e-02
2.352527806917498188e-01 9.654145278067205460e-02
2.787804551416014354e-01 7.277925140123975289e-02
4.976290754718781795e-02 2.732756807351305328e-01
1.107748775777330774e-01 1.956460500684445991e-01
2.449931659539612561e-01 9.367346598110515288e-02
2.711874097971506137e-01 7.586643718403829340e-02
6.265815524002416037e-02 2.576146592556696202e-01
2.577925161283136646e-01 8.828457501563458099e-02
2.033748859377145779e-01 1.173941915206326847e-01
2.280547408147844957e-01 1.008456811179284651e-01
1.346353971571906394e-01 1.722935722702070294e-01
2.086940130985144304e-01 1.135718564147887299e-01
1.282623876534374485e-01 1.781961609369612232e-01
1.602502659453908240e-01 1.514808691407150132e-01
1.360477643653132951e-01 1.721756246897975240e-01
1.614172197906900141e-01 1.495297472484448109e-01
1.537899659102287542e-01 1.554022114659029397e-01
1.387418486315683541e-01 1.685080943996838387e-01
1.185826909610676605e-01 1.877483035157255786e-01
1.158391956545190560e-01 1.907387334727088657e-01
1.514688277647973091e-01 1.574065591280868759e-01
1.684079407103412640e-01 1.431074093715056783e-01
9.245067106501148047e-02 2.155807453577995858e-01
1.716907149254498499e-01 1.407108524324864884e-01
8.023521888889051379e-02 2.302681750829800311e-01
1.839948660122218138e-01 1.314163672995207754e-01
7.125915486160883106e-02 2.418760316467074567e-01
1.967156329782066004e-01 1.220995217158742374e-01
7.726907580512110130e-02 2.339635388241200209e-01
2.101744200403014018e-01 1.126647129550195636e-01
9.676093179294231739e-02 2.107894985776337382e-01
8.692169170203778439e-02 2.228785454897005414e-01
2.175427179800172306e-01 1.078269216906432293e-01
8.407275178996065357e-02 2.262484000587886568e-01
2.337270431523300607e-01 9.747970984910669934e-02
1.251071123112119654e-01 1.821391882553464736e-01
7.805815392642589945e-02 2.335405656474875968e-01
2.453968119504649215e-01 9.040674388864111677e-02
1.365745804472177083e-01 1.714417604052023147e-01
8.509582016876937605e-02 2.246538260418226018e-01
2.325419399469078607e-01 9.828312456513532691e-02
8.942630934118223074e-02 2.192853249228573498e-01
1.980230166470635655e-01 1.211770139064405338e-01
8.918045390773654546e-02 2.195135416731289757e-01
1.625745088191270504e-01 1.481750507650820836e-01
9.777972303459225856e-02 2.096232770334551798e-01
1.682509254753841166e-01 1.432838478443115848e-01
1.182773774244768594e-01 1.879569511240897217e-01
1.634734753947822972e-01 1.471012935536514243e-01
1.802353523046817951e-01 1.339350811490811477e-01
1.265293980343293878e-01 1.799718530120375526e-01
1.646169499695835370e-01 1.461663864353692777e-01
1.921064648658464824e-01 1.251068051238227730e-01
1.650195639020668459e-01 1.458743267240797392e-01
2.012128309670819792e-01 1.186423935741167668e-01
1.771402715043939313e-01 1.362849596000974550e-01
1.680344003035617595e-01 1.434694593724755718e-01
1.955670076836316662e-01 1.228519152612577159e-01
1.523733344062919715e-01 1.564476968528123457e-01
1.260732406030810049e-01 1.806145759144001106e-01
2.000317560071378509e-01 1.194525033803550684e-01
1.300684160230360931e-01 1.766618080140708313e-01
1.037566717173702413e-01 2.031777813283734968e-01
2.106265412327953390e-01 1.122078456524653323e-01
8.449561739022559692e-02 2.250311267562269402e-01
2.007975171197619035e-01 1.190391735179698873e-01
8.182825180143604715e-02 2.282327256944216565e-01
1.973012175004967839e-01 1.215220598473785163e-01
8.803865542764477414e-02 2.214530670915594301e-01
7.870224858185992378e-02 2.322086036556328947e-01
1.786801785432967637e-01 1.351301533312588843e-01
8.630932633586863023e-02 2.228816984540350488e-01
1.577075691627080056e-01 1.518298496569392420e-01
9.819223131119558801e-02 2.091979254483020689e-01
1.038075640731241922e-01 2.030042912431896385e-01
1.021148583249656960e-01 2.047973027740410679e-01
1.075039762868313931e-01 1.989579208744024497e-01
7.304345991823657513e-02 2.398153445308247589e-01
1.045260339650488923e-01 2.023544784148461062e-01
1.229517337611464312e-01 1.832308603646695122e-01
1.053386020814019997e-01 2.012859108846736245e-01
1.405351212966772234e-01 1.668509220576206431e-01
9.448088823835598671e-02 2.132467962393999050e-01
1.040001279847366789e-01 2.026740685458829905e-01
1.536104617745195355e-01 1.556333047963008864e-01
1.213959128889449124e-01 1.847420159003541063e-01
1.170189997187947029e-01 1.890896861659500106e-01
1.417871852781520392e-01 1.658186583999368136e-01
1.327264353813698561e-01 1.739848611835144165e-01
1.333063706331709675e-01 1.734404719368864978e-01
1.331948456720013496e-01 1.736399935814330053e-01
1.369374729062001750e-01 1.702349387057404684e-01
1.336807414417452433e-01 1.732122129579130032e-01
1.123653074804222829e-01 1.938054506265127763e-01
1.475954440791896749e-01 1.606299759686778961e-01
1.292490752695120149e-01 1.774875830848547942e-01
9.016999276450132772e-02 2.184189924095645274e-01
1.678155545473397625e-01 1.437018642381030498e-01
1.238756985475872874e-01 1.827369977095896214e-01
7.443166171064496961e-02 2.382481360824035832e-01
1.945860013822636736e-01 1.233990678631300408e-01
1.252036590416903961e-01 1.813896553538631995e-01
2.115788930717734662e-01 1.115928642505747970e-01
1.330177268292468407e-01 1.739223544807726451e-01
8.285746407273641978e-02 2.275394579446050614e-01
2.208595728485202025e-01 1.054795173900540117e-01
1.519124252730720270e-01 1.570074491144751727e-01
9.158614439775525362e-02 2.167951098472543636e-01
2.271039227646085568e-01 1.015001129502587363e-01
1.098784875657866644e-01 1.964289848609762634e-01
2.170782647743259020e-01 1.079797612476477431e-01
1.500259887596834263e-01 1.585996396035214140e-01
1.279260267026182118e-01 1.783754587236515698e-01
1.998623062431238440e-01 1.196839146009022192e-01
1.415873269866407824e-01 1.660332295129539615e-01
1.391297725839503174e-01 1.680169052974189725e-01
2.005409940304904159e-01 1.191564607697370715e-01
1.151931802458096010e-01 1.909889244959512844e-01
1.450502036563491304e-01 1.628448956070239761e-01
1.981344739026232871e-01 1.208281958277084289e-01
1.087469745467927185e-01 1.975795994657500998e-01
1.564180479842816052e-01 1.531778899542268757e-01
2.082937882222045678e-01 1.137480095149256965e-01
9.914367555485215089e-02 2.079719507650112931e-01
2.059044749720545520e-01 1.153754543953640077e-01
8.887975250935964411e-02 2.197072923607942263e-01
1.860143646160291597e-01 1.298771356362380391e-01
1.828620429489130617e-01 1.319944931105339059e-01
8.163329997780199854e-02 2.284753193121807913e-01
1.847553816977082208e-01 1.309708950682384465e-01
7.916053581921733695e-02 2.315681485393024097e-01
8.012764904439428904e-02 2.303643316674161001e-01
1.729552084494668796e-01 1.405950043357407919e-01
8.560262988308176002e-02 2.236653695111316953e-01
9.177357965796328898e-02 2.163685502139165440e-01
2.036123359164609958e-01 1.173214162673567040e-01
2.029597413434485187e-01 1.174808672555173183e-01
1.143875183435941745e-01 1.917948539293303778e-01
1.888691548933716380e-01 1.274684250091276949e-01
1.302294103838829153e-01 1.762609367770872071e-01
1.768406236682267263e-01 1.367944020184019838e-01
1.736543487710427991e-01 1.389718666968400296e-01
1.400784930692949848e-01 1.671674360039314688e-01
1.639111745577805923e-01 1.467350666858798780e-01
1.764852387552312551e-01 1.368067701845807616e-01
1.508813082435210839e-01 1.576266273029683918e-01
1.824691159764753046e-01 1.322316888456024353e-01
1.213647477898921467e-01 1.847553415973539614e-01
1.383708287855381913e-01 1.689515722502767936e-01
1.910701037730471175e-01 1.258619450499018910e-01
9.525914931564438692e-02 2.123202276453441950e-01
1.556201508247591070e-01 1.538214584333091883e-01
1.906560755606202529e-01 1.261631301640144809e-01
7.167445741536637716e-02 2.412562231804670221e-01
1.656736183310165700e-01 1.454765929303010186e-01
1.816456634901807421e-01 1.328648380292726250e-01
7.226064369291063105e-02 2.404891795351407069e-01
1.628351452898212370e-01 1.476885138503448713e-01
1.691851474553284218e-01 1.425566876107769998e-01
6.959181462165275889e-02 2.440513390544559735e-01
1.634241309616452087e-01 1.471454493147095199e-01
1.558380654159825518e-01 1.535255834649248419e-01
7.930081748745954062e-02 2.313901169311609607e-01
1.551266415602611248e-01 1.540029565809980516e-01
1.463416903928752566e-01 1.617281668805545802e-01
1.003788288872645706e-01 2.066219852670332369e-01
1.343228449475373232e-01 1.724415736128356302e-01
1.528017477866953078e-01 1.560426006223940565e-01
1.270785299544913149e-01 1.792644914195478112e-01
1.233735385783789607e-01 1.829470734039798652e-01
1.544122876064945027e-01 1.546266633273558622e-01
1.397693208751236149e-01 1.675434777687648813e-01
1.285147689944372562e-01 1.780747094228813943e-01
1.662942965053683109e-01 1.448152187236930732e-01
1.489598660251219009e-01 1.594823573155808027e-01
1.820478288134613765e-01 1.326119346085226081e-01
1.453369006322128287e-01 1.626977150920545512e-01
1.348676559545544107e-01 1.722842768065345753e-01
1.906089310269692971e-01 1.263452645010282316e-01
1.436619069110020019e-01 1.641703111730328235e-01
1.172841397665854712e-01 1.889779497671794095e-01
1.853335662461645938e-01 1.302896764395079510e-01
1.408854212704558906e-01 1.665996079386151685e-01
9.078559667818941747e-02 2.176679834523655988e-01
1.785740334774909011e-01 1.355389676419349598e-01
1.366746878237121710e-01 1.703320574319702185e-01
8.211713311541668503e-02 2.280205312215082269e-01
1.274494922371132155e-01 1.789075554619855568e-01
8.073533855353598465e-02 2.297009386701820421e-01
1.175712752329030053e-01 1.885701021259085230e-01
9.133020335819785895e-02 2.169347777260306476e-01
1.080008640116463248e-01 1.984254153124124231e-01
1.004702852231066368e-01 2.065816857131193007e-01
1.255679582027640073e-01 1.812733371643947544e-01
1.121212703542835420e-01 1.941304833300842025e-01
1.163926845999685433e-01 1.897601182713491985e-01
1.196905220512848311e-01 1.865089253260018287e-01
1.213474072856112196e-01 1.848358158187440869e-01
1.139779063362302836e-01 1.923413864846889032e-01
