7.827341762159431227e+00 7.769477204846239715e+00
2.587798359360788503e+00 2.506183767582709443e+00
7.648622316562603274e+00 7.614583105655013284e+00
6.883287580530434546e+00 6.889019160334398428e+00
9.046392149828209384e+00 9.100525883834947649e+00
2.994386752309280642e+00 3.006183767582709443e+00
7.263128774685050359e+00 7.240684890103613824e+00
8.546392149828209384e+00 8.662707798291966910e+00
3.385824903541908792e+00 3.423353918984759936e+00
4.218071782955308713e+00 4.205158707982295851e+00
3.602195239401017712e+00 3.630901566573521588e+00
7.473806327414103556e+00 7.474286926267500242e+00
6.176246429715473774e+00 6.165660430499571021e+00
4.122629998457130185e+00 4.073830517409759544e+00
3.718461943730829500e+00 3.707422160493653251e+00
7.219040419502871231e+00 7.175782807662999474e+00
3.966948920806402601e+00 3.904367027370466481e+00
4.678093471817822646e+00 4.664134215629166746e+00
4.309126231886714287e+00 4.315416023952416857e+00
5.756325499850788674e+00 5.744629039268742687e+00
4.587388029269261480e+00 4.596069480186547374e+00
5.863794713548137416e+00 5.854362555883987795e+00
5.359763280000960251e+00 5.325986671767725333e+00
5.751912355685310452e+00 5.722484737768697372e+00
5.326867681951109823e+00 5.304510678779224442e+00
5.440405580663771445e+00 5.427009289197140873e+00
5.686366816459371698e+00 5.675354433233530393e+00
6.036403165400201942e+00 6.024073385905588829e+00
6.090051292964475671e+00 6.073152365926446805e+00
5.464585243549050730e+00 5.478568833393358872e+00
5.199073676540066913e+00 5.198506066654357660e+00
6.520797823553733608e+00 6.515683070744107575e+00
5.155085813331916178e+00 5.143507162631160590e+00
6.764512351425042702e+00 6.769857678974317672e+00
4.969005251693120684e+00 4.953747370209158341e+00
6.957952361298961996e+00 6.963708993571598782e+00
4.777159742886138538e+00 4.762582271290402680e+00
6.829172132913914339e+00 6.829802197633240368e+00
4.576879984740610752e+00 4.564933567421599392e+00
6.439925628995124995e+00 6.430133243856276160e+00
6.647547444760135704e+00 6.626301131895892205e+00
4.471570894523684281e+00 4.457679704957186573e+00
6.704638894657205306e+00 6.684413234755668398e+00
4.239605208128702785e+00 4.226727021248208871e+00
5.934996050091402076e+00 5.909748590288871561e+00
6.827228797850550812e+00 6.809890286194672626e+00
4.075075885134876508e+00 4.062903311325333000e+00
5.739361653674834862e+00 5.712672455162783436e+00
6.677475939753206191e+00 6.662503164078226625e+00
4.257848880176615225e+00 4.243132293020798862e+00
6.585721295429905808e+00 6.574714049334406951e+00
4.757848880176615225e+00 4.743132293020798862e+00
6.589233792329109995e+00 6.579858753090654488e+00
5.301469122572874504e+00 5.286113674421755171e+00
6.419660599646586085e+00 6.410511309014384373e+00
5.204604804148714514e+00 5.198769969434672511e+00
6.039663713919653176e+00 6.029923624407679483e+00
5.278468070494668041e+00 5.274753354040905506e+00
5.018271093205234124e+00 5.013824782805865077e+00
5.896562065602402036e+00 5.883919424847048774e+00
5.260013548361429869e+00 5.256959744603338258e+00
4.835133570506740419e+00 4.837217903674767783e+00
5.255224903818792370e+00 5.249627549769723345e+00
4.698900839956253073e+00 4.702868157572830832e+00
5.064932852611257807e+00 5.061867650307696032e+00
5.208448172175064173e+00 5.201929895621493216e+00
4.792866160288599353e+00 4.779972893709397930e+00
5.459651930582612778e+00 5.450857994282976904e+00
5.891653968391851848e+00 5.908461956890439737e+00
4.719142122573006581e+00 4.717249039803649957e+00
5.836553786200678218e+00 5.822492954550165578e+00
6.295988176561806426e+00 6.308590620230282831e+00
4.560094874516314789e+00 4.566087268748051820e+00
6.675736182093099380e+00 6.681890111555506273e+00
4.703160466087834557e+00 4.712617614039129599e+00
6.733768146604354854e+00 6.732856564258363541e+00
4.754804481249754744e+00 4.764870460000611985e+00
6.623397052184179401e+00 6.603322032313570844e+00
6.802612139682819858e+00 6.796714969351973501e+00
5.037378885688410968e+00 5.042538686939888493e+00
6.646022168994439205e+00 6.638231401982364055e+00
5.368705649966941884e+00 5.367734636389965175e+00
6.412562275965889569e+00 6.402377746843367134e+00
6.304987479063351330e+00 6.295406845822772546e+00
6.335809526376396050e+00 6.327718133050769467e+00
6.233379496850317558e+00 6.226982114558859749e+00
6.931521684221750412e+00 6.917826437400329098e+00
6.294261499018135808e+00 6.281488423362987739e+00
5.953882411562084975e+00 5.948008317611526152e+00
6.274381447232297404e+00 6.267146422052007004e+00
5.655420949663117369e+00 5.645519414973149352e+00
6.480755532020278764e+00 6.475744459841162204e+00
6.297782010734993996e+00 6.293022492118709010e+00
5.444881867896447680e+00 5.429721288500476639e+00
5.980755532020278764e+00 5.975744459841162204e+00
6.058218403665049046e+00 6.054009908133992646e+00
5.636601630676288721e+00 5.624163246855785836e+00
5.786934001476554457e+00 5.777609064035862829e+00
5.776924726136901000e+00 5.767740288641629576e+00
5.781081466922032064e+00 5.769123538535201767e+00
5.718575673723937491e+00 5.705430474666663088e+00
5.773311621530226923e+00 5.760754070282462003e+00
6.139576444306685588e+00 6.140509972850938247e+00
5.539181901041291489e+00 5.528372115533080056e+00
5.851662105234855638e+00 5.836561093500322706e+00
6.559795414525150470e+00 6.570996815645184341e+00
5.213594887164128444e+00 5.204630432722271216e+00
5.946800924646620246e+00 5.930116645774536011e+00
6.888066602449435472e+00 6.905861054300178381e+00
4.803611981719067892e+00 4.795916259250762259e+00
5.922455894339034188e+00 5.906847736483020306e+00
4.553122549150430132e+00 4.545759970420405693e+00
5.786519168676723446e+00 5.771861064703585953e+00
6.708973142196973605e+00 6.726404029575609123e+00
4.419368216606652133e+00 4.411449308218030829e+00
5.470964065652285768e+00 5.457427836859045200e+00
6.531507232031853682e+00 6.543410631516897169e+00
4.330659483717736791e+00 4.321818413535830850e+00
6.183540870148940272e+00 6.188442820413956547e+00
4.474702102236858714e+00 4.465506302420603646e+00
5.501100640225573990e+00 5.488237657073829823e+00
5.864539526259852309e+00 5.862686098869734685e+00
4.726137278178586421e+00 4.717111640382000814e+00
5.640684873255410459e+00 5.627381259780616318e+00
5.676035221725782343e+00 5.670153174899073001e+00
4.714562586898953356e+00 4.707773800786572593e+00
6.092922987336559792e+00 6.086010604351478115e+00
5.580725941006982715e+00 5.570386439503431042e+00
4.749355156518542564e+00 4.743876865294688550e+00
6.205640703807924652e+00 6.207403176230371855e+00
5.397873672063790096e+00 5.384656011597941827e+00
4.598213114831328774e+00 4.595379700679171897e+00
6.385883076907375333e+00 6.389215939688860146e+00
4.632753433745207872e+00 4.630690747520140427e+00
6.588505536207621915e+00 6.589492511963388033e+00
4.937701922642840913e+00 4.923205252264564180e+00
4.979844521717733841e+00 4.972818230725525090e+00
6.737989931269846799e+00 6.736787227182640336e+00
4.959743033040291849e+00 4.941964922831072471e+00
6.790169074019011042e+00 6.788507017314223013e+00
6.770520123787988176e+00 6.767598190738024044e+00
5.150487525972194724e+00 5.123743318817886028e+00
6.658365763115146052e+00 6.653388299531241223e+00
6.534340116370637830e+00 6.529037710432384678e+00
4.676414160939067699e+00 4.660324038284542780e+00
4.679272171461202667e+00 4.671888290285153289e+00
6.107018171790778993e+00 6.100778391052604555e+00
4.885966394237754251e+00 4.883671154489620747e+00
5.827892485478443518e+00 5.821078699834449033e+00
5.077366285724204786e+00 5.063379104500214112e+00
5.116643323139349775e+00 5.117567541957541266e+00
5.660390995571468409e+00 5.654132670845365638e+00
5.268279950377054988e+00 5.270920737269917389e+00
5.075924755295994295e+00 5.071339980842565431e+00
5.476718901560182040e+00 5.480562217077920906e+00
4.983408409638477643e+00 4.980243162888380759e+00
5.976718901560182040e+00 5.980562217077920906e+00
5.694899327438191605e+00 5.681211319870537402e+00
4.852991313809281948e+00 4.850486323057998206e+00
6.461769891189218740e+00 6.463495023989596078e+00
5.410143346918750318e+00 5.397594712932736627e+00
4.859189463895761563e+00 4.856715772854375501e+00
6.951014326514936670e+00 6.950920459746726898e+00
5.248641236633603491e+00 5.237842296276707721e+00
4.996623642002552046e+00 4.992343817432034925e+00
6.936966488945636833e+00 6.939361610700521155e+00
5.291088857317347127e+00 5.283501367648874236e+00
5.190563998907796517e+00 5.183861166805975529e+00
6.996893801651893341e+00 6.997636680959006483e+00
5.279451425183281366e+00 5.275400278349196448e+00
5.403991046694235578e+00 5.394764336652776215e+00
6.787083093312374693e+00 6.785637999891696914e+00
5.411107674146427904e+00 5.408439804412325635e+00
5.559856070635841974e+00 5.548973193841911566e+00
6.366311105327183917e+00 6.361788484350759276e+00
5.758056082118245378e+00 5.750975165306219772e+00
5.451558470685573532e+00 5.444357466388590971e+00
5.882609813428517853e+00 5.875465605279087455e+00
5.949978483150053066e+00 5.939436631028994995e+00
5.423730915048766477e+00 5.419221500227843435e+00
5.668299016020839076e+00 5.658319304430668772e+00
5.862139063273619222e+00 5.849452788975181505e+00
5.233724728971208329e+00 5.230446389941901586e+00
5.517683772239426965e+00 5.505815432157049827e+00
4.992393681229190250e+00 4.985155822104602841e+00
5.578335841950560869e+00 5.565176370918509363e+00
5.756494478682881777e+00 5.740277185550258565e+00
4.865062353749074475e+00 4.854714066733299305e+00
5.605894478521106450e+00 5.592920948474822573e+00
6.058023963488843755e+00 6.047582567191218672e+00
4.946042485262802657e+00 4.933931434833716878e+00
5.651050028894363031e+00 5.639318667803732588e+00
6.558023963488843755e+00 6.547582567191218672e+00
5.052198669947601140e+00 5.036510853007451161e+00
5.719741356459549841e+00 5.710561198194279875e+00
6.733134190328630808e+00 6.724365912867338757e+00
5.876112364077507699e+00 5.869046346583432161e+00
6.761091330231273844e+00 6.753438569957475046e+00
6.049663829788799241e+00 6.043428467691881245e+00
6.544729170930079221e+00 6.537260595099370519e+00
6.223938453257790826e+00 6.217851834755834695e+00
6.366571558854019486e+00 6.359198798896251503e+00
5.920266654887577751e+00 5.900635040078671345e+00
6.148471895220692929e+00 6.141895676063947818e+00
6.070901670358444413e+00 6.064551272411607741e+00
6.013484883267765646e+00 6.004987865251154133e+00
5.983155458844202634e+00 5.975911365641557893e+00
6.117846785405630428e+00 6.107195357552332560e+00
